49
50
135
157
158
162
410
421
468
529
613
637
638
706
758
1120
1312
1375
1399
1413
1414
1415
1417
1439
1454
1565
1727
1890
2033
2130
2192
2547
2678
2687
2781
2812
2847
2928
2952
3005
3053
3162
3535
3543
3560
3761
3956
3957
3976
3985
4151
4174
4242
4248
4282
4320
4330
4357
4627
4668
4689
4700
4733
4744
4771
4809
5008
5155
5297
5372
5413
5435
5465
5594
5600
5625
5816
5880
5902
5905
5988
6122
6300
6305
6523
6525
6527
6545
6576
6598
6634
6663
6721
6753
6767
6899
6942
6948
7008
7078
7122
7263
7290
7332
7353
7380
7441
7477
7533
7621
7625
8214
8216
8218
8220
8224
8318
8398
8459
8508
8542
8563
8664
8897
8911
8940
9127
9145
9215
9342
9402
9463
9514
9567
9582
9609
9620
9647
9681
9701
9814
9889
9929
9978
9993
9997
10042
10043
10126
10291
10343
10369
10454
10478
10521
10587
10633
10634
10738
10739
10762
10766
11015
11020
11078
11135
11144
11158
11200
11252
11274
22880
23112
23119
23151
23170
23209
23264
23313
23331
23384
23464
23466
23467
23481
23492
23523
23532
23539
23541
23542
23543
23544
23551
23598
23616
23617
23654
23753
23759
23760
23761
23762
23764
23765
23774
23779
23780
23786
24144
25770
25771
25775
25776
25777
25793
25807
25809
25813
25814
25817
25828
25829
25830
26088
26150
26286
27037
27124
27127
27128
27156
27254
27341
27349
27350
27351
27352
27439
27440
27443
29775
29780
29781
29796
29799
29801
29802
50487
51233
51386
51493
51512
51586
51733
51807
51816
53947
54456
54471
54487
54584
55007
55020
55267
55586
55615
55670
55687
55954
55964
56241
56478
56666
57026
57168
57553
57591
60489
63929
64098
64781
64800
64976
65078
66035
79019
79087
79159
79174
79640
79680
79734
79879
79924
80020
80115
80274
80305
80339
80830
80831
80832
80833
83606
83642
83733
83746
83874
83933
83999
84133
84164
84247
84271
84645
84700
84844
84861
85352
85358
85359
85376
85377
85378
85379
89781
91179
91227
91289
91319
91355
91445
91464
112885
113730
113791
113828
114794
114904
128954
128977
128989
129025
129049
129080
129138
140564
140606
140883
150160
150165
150209
150223
150248
150274
150275
150280
150290
150297
150350
150353
150356
150365
150368
150372
150379
150383
164592
164633
164656
164668
164684
164714
171568
200312
200315
200316
253143
253190
254240
255349
266629
266747
284904
339665
339669
348645
373856
388849
388886
391322
400891
400916
400935
402055
414918
415116
440822
440829
440836
550631
553158
642643
644186
645426
646851
652968
653203
653689
728441
729461
730005
100037417
100423062
100652871
100652901
100996415
101927859
101928892
101929372
101929728
